0002 
0003
0004
0005
0006
0007
0008
0009
0011
0012
0015
0016
0017
0018
0019
0020
0021
0022
0023
0024
0037
0038
0040
0041
0042
0043
0044
0045
0046
0047
0048
0049
0051
0052
0053
0054
0055
0058
0059
0060
0061
0062
0063
0064
0065
0066
0067
0068
0070
0071
0072
0074
0075
0080
0081
0082
0083
0084
0085
0089
0090
0091
0092
0093
0094
0097
0098
0099
0100
0101
0102
0112
0113
0115
0116
0117
0118
0122
0123
0124
0125
0126
0127
0128
0130
0131
0132
0133
0136
0137
0144
0145
0146
0147
0153
0154
0158
0160
0161
0162
0164
0165
0174
0175
0176
0177
0178
0179
0180
0185
0186
0194
0195
0196
0197
0198
0199
0202
0203
0204
0205
0207
0208
0209
0210
0212
0213
0215
0216
0219
0220
0222
0223
0224
0225
0227
0228
0230
0231
0232
0233
0234
0235
0236
0237
0238
0239
0240
0241
0242
0243
0244
0245
0246
0247
0248
0252
0253
0254
0260
0261
0262
0263
0264
0269
0270
0271
0272
0273
0274
0275
0276
0277
0278
0279
0283
0284
0285
0286
0287
0288
0296
0298
0299
0302
0303
0304
0306
0307
0308
0309
0312
0313
0314
0315
0316
0317
0319
0320
0322
0323
0324
0325
0326
0327
0328
0329
0330
0333
0334
0335
0337
0338
0339
0340
0345
0347
0350
0351
0352
0353
0354
0355
0357
0359
0361
0362
0363
0370
0371
0373
0377
0378
0379
0380
0384
0387
0388
0389
0391
0396
0397
0398
0399
0403
0404
0405
0406
0407
0408
0409
0411
0412
0413
0417
0421
0425
0426
0432
0433
0437
0438
0440
0443
0446
0447
0448
0452
0453
0455
0456
0460
0461
0462
0463
0467
0468
0470
0473
0474
0476
0477
0478
0480
0481
0482
0484
0487
0488
0489
0490
0491
0492
0493
0494
0495
0496
0498
0499
0503
0504
0505
0506
0507
0509
0510
0511
0512
0513
0514
0515
0516
0517
0519
0520
0522
0523
0528
0529
0530
0531
0532
0533
0534
0535
0536
0537
0542
0543
0555
0556
0557
0558
0572
0573
0574
0575
0576
0579
0580
0581
0582
0583
0584
0585
0586
0587
0588
0589
0590
0591
0599
0600
0603
0604
0605
0606
0607
0608
0609
0610
0611
0612
0613
0614
0615
0616
0617
0619
0620
0624
0625
0626
0627
0628
0635
0636
0641
0642
0647
0648
0655
0656
0658
0659
0660
0661
0663
0664
0665
0666
0667
0668
0669
0670
0671
0672
0673
0674
0675
0676
0677
0678
0679
0680
0681
0682
0683
0684
0685
0686
0687
0688
0692
0693
0694
0695
0701
0703
0706
0707
0708
0709
0710
0711
0712
0715
0716
0720
0722
0723
0724
0726
0731
0734
0735
0738
0739
0741
0742
0744
0745
0751
0753
0755
0757
0761
0763
0765
0770
0771
0772
0773
0774
0775
0777
0778
0780
0781
0789
0793
0794
0795
0796
0797
0798
0799
0800
0801
0802
0803
0804
0805
0806
0807
0808
0809
0810
0811
0812
0813
0814
0815
0816
0817
0818
0821
0822
0825
0826
0827
0828
0829
0830
0831
0832
0837
0838
0839
0840
0845
0846
0847
0848
0850
0851
0852
0853
0854
0855
0857
0862
0863
0864
0865
0866
0867
0868
0869
0870
0871
0872
0873
0874
0875
0879
0880
0884
0885
0886
0901
0903
0907
0908
0909
0914
0915
0916
0925
0929
0930
0935
0936
0937
0938
0949
0951
0952
0960
0961
0963
0964
0965
0966
0971
0972
0973
0976
0977
0980
0983
0986
0990
0991
0993
0996
0997
0998
0999
1002
1003
1005
1006
1008
1010
1011
1017
1019
1024
1025
1026
1027
1029
1030
1031
1032
1033
1036
1037
1038
1040
1041
1047
1049
1050
1051
1052
1053
1058
1060
1062
1064
1066
1069
1072
1073
1074
1077
1080
1082
1083
1084
1085
1087
1089
1091
1092
1095
1096
1100
1101
1102
1103
1106
1108
1109
1111
1112
1114
1115
1116
1119
1130
1131
1132
1133
1134
1136
1139
1140
1143
1144
1146
1150
1151
1152
1155
1156
1157
1158
1159
1160
1161
1162
1163
1164
1165
1166
1167
1169
1170
1172
1173
1174
1175
1176
1177
1182
1184
1189
1190
1191
1192
1193
1194
1197
1199
1204
1205
1206
1211
1212
1213
1214
1215
1216
1218
1219
1228
1230
1231
1232
1233
1234
1241
1244
1247
1248
1249
1252
1253
1256
1259
1261
1263
1265
1266
1267
1272
1279
1281
1282
1283
1284
1285
1287
1288
1291
1297
1298
1299
1306
1307
1308
1309
1310
1315
1316
1317
1325
1326
1329
1333
1334
1340
1341
1354
1355
1356
1357
1365
1367
1371
1373
1374
1375
1376
1377
1378
1382
1386
1387
1388
1389
1390
1395
1397
1400
1401
1403
1404
1409
1411
1415
1418
1419
1421
1422
1424
1425
1426
1427
1428
1432
1433
1434
1435
1440
1441
1442
1446
1447
1448
1449
1456
1457
1458
1460
1461
1463
1466
1467
1470
1472
1474
1475
1476
1478
1483
1484
1485
1488
1489
1490
1493
1494
1498
1499
1500
1501
1502
1509
1510
1513
1520
1521
1523
1524
1526
1527
1528
1529
1530
1534
1535
1536
1539
1541
1542
1543
1544
1545
1546
1547
1553
1561
1563
1564
1566
1567
1568
1570
1580
1583
1586
1587
1588
1592
1593
1595
1596
1597
1598
1599
1600
1602
1603
1604
1605
1606
1617
1620
1621
1622
1624
1625
1626
1627
1628
1634
1635
1636
1637
1638
1639
1640
1641
1649
1650
1651
1652
1653
1654
1656
1658
1661
1662
1665
1666
1667
1673
1675
1677
1678
1682
1683
1685
1686
1691
1693
1694
1695
1696
1702
1707
1708
1709
1710
1711
1716
1717
1718
1720
1721
1722
1727
1730
1735
1737
1738
1739
1741
1742
1743
1744
1746
1747
1748
1749
1750
1751
1752
1753
1757
1758
1759
1760
1761
1762
1763
1764
1765
1766
1767
1768
1769
1770
1771
1772
1773
1774
1776
1777
1778
1779
1780
1782
1784
1787
1788
1789
1795
1796
1797
1801
1802
1803
1804
1805
1807
1810
1811
1813
1814
1817
1818
1819
1821
1822
1823
1824
1828
1829
1830
1831
1832
1837
1840
1846
1847
1852
1853
1854
1863
1879
1881
1883
1892
1893
1894
1895
1896
1897
1900
1901
1903
1904
1905
1906
1907
1912
1913
1914
1915
1918
1919
1920
1921
1922
1926
1928
1933
1935
1936
1939
1940
1945
1946
1953
1955
1956
1957
1962
1963
1965
1966
1967
1968
1969
1970
1971
1972
1983
1986
1987
1988
1995
1996
1997
1998
2003
2005
2006
2007
2008
2010
2011
2012
2013
2014
2016
2017
2018
2019
2020
2025
2034
2035
2036
2037
2038
2039
2040
2041
2043
2044
2045
2051
2052
2053
2055
2056
2057
2062
2063
2064
2065
2066
2072
2073
2075
2076
2078
2079
2080
2081
2082
2086
2087
2088
2092
2093
2096
2099
2100
2101
2103
2104
2105
2113
2114
2115
2117
2122
2123
2124
2125
2129
2130
2136
2137
2138
2139
2147
2148
2149
2153
2154
2155
2156
2157
2158
2159
2160
2161
2162
2163
2164
2165
2168
2169
2170
2171
2172
2174
2175
2176
2183
2184
2191
2192
2194
2195
2197
2199
2203
2204
2207
2208
2209
2210
2211
2212
2213
2215
2216
2218
2219
2221
2222
2231
2232
2233
2234
2235
2236
2237
2239
2243
2244
2245
2246
2249
2250
2251
2252
2257
2258
2259
2263
2264
2270
2271
2272
2273
2274
2275
2276
2277
2280
2281
2282
2283
2284
2285
2286
2287
2290
2291
2292
2294
2295
2296
2297
2298
2299
2300
2301
2302
2303
2304
2305
2306
2311
2312
2313
2314
2315
2316
2317
2323
2324
2325
